Rep Step Lambda Alpha F1 F2 D1_2 Ln_Like Est_Ln_P(D)
r1 100 1.00 0.097 0.228 0.121 0.068 - -
r1 200 1.00 0.022 0.175 0.181 0.061 - -
r1 300 1.00 0.019 0.205 0.185 0.066 - -
r1 400 1.00 0.020 0.162 0.194 0.067 - -
r1 500 1.00 0.032 0.190 0.173 0.064 - -
r1 600 1.00 0.023 0.207 0.173 0.070 - -
r1 700 1.00 0.020 0.225 0.156 0.066 - -
r1 800 1.00 0.024 0.177 0.193 0.064 - -
r1 900 1.00 0.024 0.179 0.182 0.062 - -
r1 1000 1.00 0.027 0.187 0.192 0.064 - -
r1 1100 1.00 0.037 0.177 0.202 0.066 -16001 0
r1 1200 1.00 0.016 0.198 0.165 0.060 -15994 0
r1 1300 1.00 0.018 0.175 0.185 0.064 -15982 0
r1 1400 1.00 0.026 0.207 0.173 0.067 -16014 0
r1 1500 1.00 0.015 0.202 0.183 0.066 -15952 0
r1 1600 1.00 0.031 0.191 0.153 0.065 -16035 0
r1 1700 1.00 0.020 0.179 0.189 0.068 -15971 0
r1 1800 1.00 0.030 0.196 0.162 0.061 -16028 0
r1 1900 1.00 0.035 0.213 0.168 0.066 -15995 0
r1 2000 1.00 0.029 0.160 0.173 0.064 -16026 0
r1 2100 1.00 0.024 0.150 0.220 0.063 -16022 0
r1 2200 1.00 0.031 0.164 0.194 0.066 -15997 0
r1 2300 1.00 0.017 0.167 0.163 0.065 -16006 0
r1 2400 1.00 0.029 0.203 0.156 0.067 -16007 0
r1 2500 1.00 0.017 0.181 0.193 0.063 -15986 0
r1 2600 1.00 0.028 0.198 0.192 0.063 -16029 0
r1 2700 1.00 0.025 0.218 0.210 0.073 -16031 0
r1 2800 1.00 0.038 0.167 0.206 0.064 -16011 0
r1 2900 1.00 0.020 0.193 0.183 0.062 -15968 0
r1 3000 1.00 0.021 0.217 0.163 0.065 -16037 0
r2 100 1.00 0.557 0.239 0.211 0.069 - -
r2 200 1.00 0.167 0.184 0.216 0.070 - -
r2 300 1.00 0.015 0.187 0.184 0.067 - -
r2 400 1.00 0.023 0.183 0.174 0.066 - -
r2 500 1.00 0.033 0.207 0.188 0.068 - -
r2 600 1.00 0.021 0.176 0.195 0.064 - -
r2 700 1.00 0.016 0.185 0.180 0.064 - -
r2 800 1.00 0.030 0.191 0.171 0.066 - -
r2 900 1.00 0.028 0.193 0.182 0.063 - -
r2 1000 1.00 0.031 0.211 0.175 0.066 - -
r2 1100 1.00 0.036 0.167 0.198 0.065 -16033 0
r2 1200 1.00 0.026 0.204 0.161 0.066 -16032 0
r2 1300 1.00 0.025 0.207 0.186 0.065 -15991 0
r2 1400 1.00 0.048 0.167 0.174 0.067 -16001 0
r2 1500 1.00 0.042 0.219 0.164 0.067 -16019 0
r2 1600 1.00 0.039 0.189 0.153 0.064 -15997 0
r2 1700 1.00 0.044 0.198 0.201 0.066 -16016 0
r2 1800 1.00 0.027 0.192 0.188 0.068 -15996 0
r2 1900 1.00 0.047 0.176 0.177 0.067 -16006 0
r2 2000 1.00 0.031 0.188 0.178 0.065 -15994 0
r2 2100 1.00 0.039 0.170 0.158 0.065 -16001 0
r2 2200 1.00 0.028 0.198 0.169 0.064 -16009 0
r2 2300 1.00 0.027 0.186 0.165 0.065 -16015 0
r2 2400 1.00 0.021 0.171 0.175 0.063 -15999 0
r2 2500 1.00 0.043 0.191 0.192 0.064 -16019 0
r2 2600 1.00 0.060 0.169 0.183 0.066 -16009 0
r2 2700 1.00 0.034 0.191 0.199 0.064 -15995 0
r2 2800 1.00 0.014 0.215 0.168 0.067 -16002 0
r2 2900 1.00 0.028 0.185 0.183 0.065 -15999 0
r2 3000 1.00 0.026 0.179 0.172 0.065 -16018 0
r3 100 1.00 0.339 0.284 0.016 0.064 - -
r3 200 1.00 0.041 0.167 0.187 0.064 - -
r3 300 1.00 0.027 0.205 0.195 0.065 - -
r3 400 1.00 0.037 0.216 0.157 0.066 - -
r3 500 1.00 0.030 0.162 0.191 0.069 - -
r3 600 1.00 0.033 0.201 0.218 0.066 - -
r3 700 1.00 0.022 0.173 0.213 0.066 - -
r3 800 1.00 0.026 0.172 0.222 0.068 - -
r3 900 1.00 0.018 0.193 0.189 0.065 - -
r3 1000 1.00 0.034 0.176 0.153 0.064 - -
r3 1100 1.00 0.021 0.220 0.165 0.067 -15959 0
r3 1200 1.00 0.046 0.194 0.172 0.068 -15952 0
r3 1300 1.00 0.024 0.158 0.183 0.062 -16025 0
r3 1400 1.00 0.029 0.190 0.238 0.068 -16006 0
r3 1500 1.00 0.019 0.191 0.183 0.066 -15999 0
r3 1600 1.00 0.018 0.172 0.187 0.064 -15972 0
r3 1700 1.00 0.034 0.201 0.168 0.064 -16020 0
r3 1800 1.00 0.021 0.181 0.199 0.065 -16008 0
r3 1900 1.00 0.023 0.164 0.183 0.064 -15979 0
r3 2000 1.00 0.023 0.155 0.186 0.063 -16034 0
r3 2100 1.00 0.018 0.183 0.188 0.065 -15990 0
r3 2200 1.00 0.020 0.194 0.157 0.061 -16023 0
r3 2300 1.00 0.037 0.194 0.197 0.067 -15991 0
r3 2400 1.00 0.031 0.197 0.192 0.068 -15999 0
r3 2500 1.00 0.042 0.193 0.189 0.067 -16022 0
r3 2600 1.00 0.019 0.187 0.185 0.065 -15978 0
r3 2700 1.00 0.019 0.163 0.159 0.063 -16011 0
r3 2800 1.00 0.022 0.200 0.194 0.066 -15991 0
r3 2900 1.00 0.030 0.175 0.201 0.066 -16011 0
r3 3000 1.00 0.024 0.211 0.181 0.070 -16001 0
r4 100 1.00 0.544 0.197 0.165 0.068 - -
r4 200 1.00 0.083 0.185 0.199 0.066 - -
r4 300 1.00 0.021 0.174 0.200 0.064 - -
r4 400 1.00 0.041 0.195 0.178 0.069 - -
r4 500 1.00 0.035 0.178 0.186 0.063 - -
r4 600 1.00 0.026 0.190 0.198 0.065 - -
r4 700 1.00 0.034 0.168 0.183 0.066 - -
r4 800 1.00 0.028 0.175 0.178 0.067 - -
r4 900 1.00 0.036 0.179 0.184 0.062 - -
r4 1000 1.00 0.032 0.196 0.181 0.068 - -
r4 1100 1.00 0.036 0.202 0.190 0.063 -16005 0
r4 1200 1.00 0.023 0.196 0.197 0.067 -16002 0
r4 1300 1.00 0.028 0.148 0.187 0.066 -16012 0
r4 1400 1.00 0.021 0.172 0.171 0.067 -16038 0
r4 1500 1.00 0.033 0.182 0.169 0.069 -16046 0
r4 1600 1.00 0.032 0.190 0.204 0.067 -15998 0
r4 1700 1.00 0.034 0.202 0.158 0.065 -16021 0
r4 1800 1.00 0.040 0.167 0.230 0.064 -16011 0
r4 1900 1.00 0.023 0.180 0.177 0.068 -16000 0
r4 2000 1.00 0.022 0.207 0.191 0.063 -15994 0
r4 2100 1.00 0.030 0.213 0.180 0.066 -15994 0
r4 2200 1.00 0.025 0.177 0.173 0.063 -16027 0
r4 2300 1.00 0.022 0.170 0.179 0.066 -16012 0
r4 2400 1.00 0.016 0.202 0.205 0.064 -16039 0
r4 2500 1.00 0.019 0.183 0.227 0.065 -15977 0
r4 2600 1.00 0.029 0.155 0.187 0.065 -16040 0
r4 2700 1.00 0.025 0.162 0.235 0.069 -16015 0
r4 2800 1.00 0.038 0.191 0.174 0.065 -16064 0
r4 2900 1.00 0.022 0.185 0.141 0.061 -16034 0
r4 3000 1.00 0.034 0.177 0.207 0.066 -16012 0
r5 100 1.00 0.564 0.272 0.041 0.069 - -
r5 200 1.00 0.028 0.177 0.187 0.063 - -
r5 300 1.00 0.016 0.188 0.197 0.064 - -
r5 400 1.00 0.029 0.163 0.218 0.063 - -
r5 500 1.00 0.039 0.199 0.175 0.064 - -
r5 600 1.00 0.033 0.171 0.192 0.066 - -
r5 700 1.00 0.044 0.169 0.175 0.063 - -
r5 800 1.00 0.031 0.196 0.202 0.064 - -
r5 900 1.00 0.026 0.160 0.192 0.064 - -
r5 1000 1.00 0.037 0.205 0.198 0.069 - -
r5 1100 1.00 0.030 0.207 0.188 0.071 -16000 0
r5 1200 1.00 0.019 0.180 0.225 0.068 -16006 0
r5 1300 1.00 0.032 0.191 0.208 0.065 -16008 0
r5 1400 1.00 0.028 0.194 0.196 0.067 -15978 0
r5 1500 1.00 0.020 0.186 0.189 0.064 -15975 0
r5 1600 1.00 0.029 0.185 0.212 0.068 -16013 0
r5 1700 1.00 0.029 0.162 0.177 0.065 -16040 0
r5 1800 1.00 0.055 0.188 0.172 0.069 -16002 0
r5 1900 1.00 0.033 0.168 0.218 0.066 -16013 0
r5 2000 1.00 0.033 0.165 0.192 0.066 -15996 0
r5 2100 1.00 0.033 0.177 0.174 0.068 -15975 0
r5 2200 1.00 0.036 0.192 0.178 0.064 -16019 0
r5 2300 1.00 0.019 0.187 0.183 0.067 -15982 0
r5 2400 1.00 0.026 0.190 0.188 0.065 -15997 0
r5 2500 1.00 0.022 0.173 0.194 0.064 -16009 0
r5 2600 1.00 0.028 0.190 0.184 0.067 -15976 0
r5 2700 1.00 0.030 0.168 0.195 0.068 -15953 0
r5 2800 1.00 0.033 0.166 0.188 0.065 -15990 0
r5 2900 1.00 0.032 0.190 0.197 0.065 -15998 0
r5 3000 1.00 0.048 0.190 0.213 0.065 -16025 0
